0.970849966621649	0.710480353957850	1
0.100060299430709	2.54596575131894	1
0.343668013306211	-1.32156017294956	1
0.335556702383249	-1.03623817944998	1
0.342646274670734	-2.24127839414661	1
-1.28290256735110	0.163639074251265	1
0.477628822000367	0.973419315958825	1
-0.957981389789678	-0.454993732736914	1
0.656701917895527	1.33503203034508	1
-0.928597938842878	-0.283602846633627	1
2.16903971166252	0.298475653118864	1
1.50548511157326	1.24174853083912	1
-0.160374014170220	0.720043488869025	1
3.02862373257553	0.386633721408814	1
1.89542178810986	1.74707006236984	1
1.54519379631664	-1.11948847551811	1
-2.03859082249327	-0.569197479556132	1
-1.05022572726515	0.362770430288525	1
-0.360114852335669	-0.437286012868426	1
0.0986588391978456	-0.690580567412837	1
-1.10631580705595	0.882284153393542	1
1.30230662587801	-0.621723433898889	1
-0.140188895655527	0.483849565130876	1
0.297461734341227	-0.224583024400468	1
-0.171828532548488	-0.533746801587074	1
0.391904773539375	0.560019703200167	1
2.18057035612048	0.356521204540199	1
-1.74186050937944	-2.41728760573919	1
-0.677548670601888	-0.415257776365490	1
-0.0767502591788325	-1.32102585401178	1
1.17941488507589	0.137043641455064	1
-0.753018277569767	-0.878712153996405	1
-0.142722575592468	-0.0173412482990660	1
1.36158812850492	1.53531317329351	1
-1.00390674797462	2.08421304865543	1
1.78305373113884	0.978014950371550	1
0.919081568517275	-1.95728896007329	1
1.19799730255851	1.79694406144998	1
0.481764812014886	1.31668845404452	1
-0.721624170530082	0.310397005612581	1
-1.45901327986486	2.97670834346621	1
0.687852227956034	-0.564548671325194	1
1.37637519778751	2.19680424069430	1
1.38696355663424	-1.35517937037038	1
0.394615911762855	-0.486507841953538	1
2.51854665377045	-1.43608011017559	1
0.726611869069397	0.689058933840822	1
0.00644568554158465	0.445736802857698	1
0.628871068344175	-0.797575734602763	1
-0.254406278048240	-1.72318092002844	1
1.34204951557234	-3.30388840269562	1
2.40662497563408	-1.16794279882509	1
1.77384021714262	-1.75693237660630	1
0.804057139514794	0.809658561570419	1
-1.16663726433402	1.31957407412954	1
-0.279760314953132	-2.45213849415933	1
0.993626479456562	-2.14010414905667	1
0.406184574093461	-0.586589315142134	1
2.19313119901987	1.16024653345658	1
1.30938009327367	1.53484812452222	1
-1.25590889703559	1.80095435990566	1
1.27523401485159	-0.485477225162013	1
1.31887606448872	-0.805409003494399	1
2.64416111587666	-1.26608765825287	1
0.604502234297912	0.674748691908164	1
0.822126645254480	0.936683554664506	1
-1.42947424784702	-1.87403773173665	1
-0.0637979485173932	-0.171252133266424	1
-1.32921673543612	-0.650716423997981	1
0.318780600910803	0.737490572328338	1
-0.454658646913637	1.40097241137892	1
-1.07756589649522	1.46909654688529	1
0.494506784746648	0.597051705600881	1
-0.529642965983301	-0.512822439605581	1
2.05270848740289	-0.585006350495799	1
3.22797655297932	-1.43826114202174	1
0.686972016831243	1.42602898411995	1
0.845696855027653	-1.10025924010384	1
-1.89847293268353	-2.38499628030068	1
2.33392568858310	-1.01287879116579	1
-0.264027237404721	1.77717290124337	1
0.978751000980151	0.309654111626567	1
0.253461257045591	-0.449185591723518	1
0.920775777937993	0.250212827192290	1
0.394191506913115	0.475738979042631	1
0.660064549779215	0.536373181729371	1
-0.803197937764471	-0.220799562468210	1
0.662517282295609	2.79783491841607	1
-1.32287355977068	1.29606566037478	1
0.367033675266339	-3.03362759665413	1
0.723625704791523	-1.16523863626028	1
0.158975163306499	-0.0397937061911580	1
0.898923323597765	0.608916293570279	1
1.58389350362465	-0.348747431117026	1
-1.45224151449717	-0.0561724407017665	1
-1.28244552152151	-0.397938359062321	1
-0.259067097063130	-1.61221225563228	1
1.02444523820606	2.60841431730352	1
0.923398176452285	-0.240200299511026	1
0.0647982327150681	2.84711256634500	1
4.69161908812529	1.83921223047949	2
4.91090851106966	1.11276585767085	2
4.54660408860982	1.42355958236185	2
4.70361014450061	0.773448435202679	2
5.31247504220957	0.896149193145105	2
5.26180466967565	1.31312009484529	2
4.69672751741583	1.38164114300973	2
5.05229420723816	1.03643632837977	2
4.84744268180587	1.29517068552985	2
5.28670499640177	0.966958801500484	2
4.73349811072451	1.39892572886619	2
5.53893660842932	0.956699660967743	2
4.46294253302094	1.28705258176259	2
5.10071737430344	1.32207940711041	2
4.47587287591251	1.69636454583364	2
4.74862624870674	0.815673942470567	2
4.62739822999373	1.27404819927514	2
5.53652613885338	0.601955056415930	2
4.94370110451669	1.24393628893334	2
5.11286763518346	1.47169334865157	2
4.50050838205901	0.830317066951527	2
4.66742041869113	1.12893587718976	2
5.12040446299295	1.62560555852035	2
4.96427883205111	1.77358228360790	2
5.22884942580739	1.20070984657666	2
5.40083468007117	1.71470524271964	2
4.68151427689533	1.14507571107609	2
4.66380049984815	0.897259962040911	2
5.15799690399614	1.16402847843262	2
4.95814823949095	0.596345395374493	2
5.00446825271612	0.913777089704647	2
4.69323159609030	0.984801827255350	2
4.67140032098534	1.67750153481454	2
5.15477467814003	1.27709528127575	2
5.54045058288308	1.90811155832413	2
4.87996341459149	1.35419888742376	2
5.38388131390511	1.32250334840474	2
5.47448210237747	1.12249663980906	2
5.37135106588396	0.891161222330756	2
5.52530197180797	1.25870658038161	2
5.12428525683229	1.06970164099054	2
4.44080989744762	0.660551594813227	2
4.71463811981464	1.37837938337621	2
4.94645895980283	1.14284543640617	2
4.49703003270256	1.29075877512991	2
4.81841011962507	1.01972958310667	2
5.44156794110172	1.43742821787061	2
4.72963623577243	0.992660513797935	2
5.07031427802919	1.32324791942635	2
5.09743943584103	1.43146834202880	2
4.95657723645571	-1.56788332571313	3
4.68117498539216	-1.89657520536385	3
5.08266733163890	-0.994845007012181	3
5.37315063178876	-1.22916956089724	3
4.24550554326602	-1.20614763998512	3
5.03949245429253	-1.34067545707779	3
5.04889144049447	-1.30792890997839	3
5.12122741811492	-0.541212770863767	3
4.86882279605359	-1.25329510018123	3
5.11714940255376	-1.02305769810167	3
4.80805813755718	-1.95215960264465	3
5.08843755333377	-1.71523019375649	3
5.39772690625511	-1.47079006552495	3
4.96855663666598	-1.14914948394517	3
4.62614662803253	-1.07471789515850	3
4.96419109850906	-0.330584682171345	3
5.15037526800657	-1.80875818443884	3
4.90639154280968	-1.79864751323629	3
5.57548436258503	-1.29740396471076	3
4.84717446006895	-1.50117751916842	3
4.85274883462800	-1.55977643401493	3
5.56453279236008	-0.869907869059291	3
5.10345210642126	-1.34780564948760	3
5.18543660701444	-1.03769935171680	3
5.46198474065350	-1.12952448796245	3
4.77303753968325	-1.75448308275154	3
4.93567141838085	-0.934697878207105	3
5.30120063704561	-1.28878694119344	3
4.72402889836483	-1.42937723674498	3
5.08274408938144	-1.25306539418677	3
4.59698179435734	-1.06374131206494	3
5.17643258143566	-0.817231119077055	3
5.77445500394420	-1.16463509251053	3
4.94369530731059	-1.79744634929070	3
4.86065070577152	-0.910980752578810	3
5.57541685887667	-1.38930547117068	3
4.67506563723072	-0.560802235361393	3
4.86954470280604	-0.988678069081397	3
4.98864108358680	-0.973396906038284	3
5.21026925496523	-1.31813511651776	3
4.62274450098647	-1.49211041178735	3
4.66475241445604	-1.45284480696066	3
5.10546128853597	-1.64916028093474	3
4.93447951195743	-1.48533022992648	3
4.41941429086129	-0.790568412519997	3
4.40292772367758	-1.40724308287279	3
4.39997428632931	-1.22063623387628	3
5.00686228755220	-0.660505863750782	3
5.15696990206020	-1.37275821069059	3
5.23107929545483	-1.26978337874883	3
